3842
4153
3991
4404
8627
6334
6230
4864
4559
8381
5252
6507
6941
2885
9025
5438
5491
5097
8711
2121
1191
5876
8836
5059
2369
3282
6934
8803
3857
7562
4496
3246
2777
6140
4998
7532
2218
9600
5644
7486
7343
7536
8905
3404
9557
9028
9401
4167
5238
1175
3657
6183
5876
8326
8198
1016
9628
3492
4521
3752
8563
2786
3637
6524
9727
9665
7704
7337
3944
6460
4232
1740
8984
2467
4366
6936
4808
4330
3246
5158
9816
5395
3699
5735
5811
4620
2963
9494
3069
5135
1887
9021
9276
1117
1239
6906
5177
6174
8521
2747
1734
1308
3295
9374
3926
7014
4538
5161
7745
9926
9923
1279
1275
9237
7159
5464
2115
2903
4884
8106
9799
2047
3631
8931
9478
1074
2529
4308
1204
9400
9632
6203
2412
5445
2490
8276
2279
6316
8721
4616
9707
8154
1321
7815
8135
8952
7576
5103
5435
2857
1842
2780
9970
7427
7052
7567
4352
2790
1633
8782
9294
5412
4842
5687
9289
4641
1599
1051
1187
8693
6728
8145
2476
4118
1066
9251
4240
5215
5891
1728
1854
1138
8077
6725
2870
1593
7441
9458
9798
9766
9935
3256
6626
8491
9321
5413
6416
1151
2982
8879
5148
4418
3235
6327
1390
9277
3956
6837
4016
6524
4802
1553
9401
1832
2796
2531
9784
4149
6042
1123
7782
5652
4567
9288
4599
1797
5471
2302
3734
9650
1600
8810
5262
8476
6631
5747
7377
5634
5977
7523
9530
2509
9618
6457
6181
9156
1469
9006
2126
7220
6265
9674
1889
9231
3025
9363
1207
8292
2207
3841
4050
3017
9403
6370
4772
7461
1050
9938
5093
4788
8010
6100
1644
1417
1595
5281
5521
3820
8934
4531
6534
1478
5720
8509
7651
4556
1308
5854
1417
8757
2851
6508
3414
9065
6246
8855
7210
3850
1594
5571
9445
3787
8926
5944
3533
5918
3481
9753
7427
6685
1994
5085
5020
8867
4989
2548
1543
2636
7361
3676
5264
9666
7515
2478
4829
1386
9236
5160
6708
3374
3805
6707
8898
2830
1161
7789
9206
2348
2801
6263
8019
8908
9302
7215
8146
1163
9623
7729
8794
3686
7406
2135
6183
7765
5821
8661
1868
3444
2848
2067
7089
2736
7782
3997
5168
8984
4591
8472
7336
7375
6993
5603
7048
2109
6105
4851
1882
4623
4947
9211
9458
7211
1357
1027
3107
8708
8150
2466
3841
4745
2234
1132
8975
2190
4891
9041
3840
2002
8206
3325
