842
574
574
664
860
989
512
681
967
817
547
619
818
903
724
973
924
532
912
516
723
834
987
771
828
843
742
876
945
618
502
538
827
692
614
749
607
979
640
519
625
844
913
867
692
646
559
930
758
657
546
592
614
773
842
533
969
805
879
749
581
574
954
808
918
763
866
761
501
751
639
985
703
565
814
613
721
861
703
991
562
850
852
850
832
603
938
618
669
968
800
864
853
773
800
566
903
629
668
634
788
883
624
925
517
877
728
543
653
898
835
809
602
859
953
624
809
963
608
509
531
514
816
777
556
878
671
767
697
811
549
803
950
627
519
844
735
907
878
785
670
970
928
551
758
995
599
656
740
611
678
849
586
557
819
899
748
598
605
507
558
573
971
635
965
619
575
644
834
989
584
577
761
629
845
614
631
715
648
561
790
705
639
678
618
757
865
612
777
560
643
561
795
833
720
705
841
928
762
740
668
703
567
974
991
587
597
757
598
701
962
931
991
893
950
509
990
732
587
553
958
961
723
920
809
756
733
680
878
500
709
777
575
750
720
508
981
540
707
771
534
840
961
753
719
616
608
885
856
834
942
858
715
829
755
759
734
801
564
613
783
878
536
598
635
947
856
580
903
906
737
744
535
522
687
549
855
995
892
985
945
945
831
689
677
564
575
818
690
922
743
582
706
786
881
1000
592
910
685
902
995
716
826
623
822
915
567
592
552
877
743
964
754
547
613
592
896
902
966
563
822
559
909
761
501
560
614
613
930
785
854
894
963
518
675
710
946
907
701
850
753
831
660
542
631
974
783
920
829
802
606
912
512
515
941
925
652
811
941
892
565
846
686
535
510
591
637
859
936
842
618
668
734
590
650
701
816
661
742
964
542
651
804
732
862
823
943
909
593
749
811
738
563
700
586
510
706
574
860
959
